7.93765080309549e+01
1.38798419947567e+02
2.35836129813982e+02
7.43642144189945e+01
8.92913136473841e+01
2.81953346018135e+02
8.63234754942735e+01
4.57249815715625e+01
1.58096565914388e+02
5.56515047447471e+01
1.77915583262000e+02
8.57019567993030e+01
3.12339875820151e+02
1.13629092900106e+02
7.92262251187299e+01
-1.97068365980612e+01
5.67843677299849e+01
7.64033217220209e+01
1.13189629734940e+02
1.02643212698506e+02
6.84880708095739e+01
1.00403622673368e+02
8.53361723589885e+01
8.41265687137741e+01
8.77369094105823e+01
9.11726770796660e+01
9.57066809229105e+01
9.85997055293416e+01
9.58819611022944e+01
1.11215685974425e+02
8.86216767936393e+01
9.50666258808174e+01
1.01551275907255e+02
1.01174084711560e+02
9.81071006026461e+01
1.17750095560521e+02
1.06476775316911e+02
9.64181411058318e+01
1.40425118125180e+02
1.13993728146478e+02
1.13393976215395e+02
1.87651463166117e+02
1.13753853717457e+02
1.37810924468182e+02
2.08439883363595e+02
1.30169612247128e+02
1.25954573799039e+02
1.40130377619463e+02
1.50350727118330e+02
1.05847416348691e+02
2.09911403159652e+02
1.61317017887702e+02
1.65361864963748e+02
1.35255318851584e+02
2.15924230644404e+02
1.21257081714591e+02
2.82723867877008e+02
1.36390896438182e+02
1.34058746768899e+02
2.07992185681063e+02
1.90781007219197e+02
1.34751949248864e+02
2.62868103180438e+02
1.25716657456098e+02
1.58605254342618e+02
1.76288109785120e+02
3.00546072003618e+02
1.40603846857613e+02
2.09822583790141e+02
1.52210107693866e+02
1.37948342288201e+02
1.62653122616736e+02
2.54399535393859e+02
1.54316725538138e+02
1.03781749853610e+02
1.97006025826375e+02
1.46417126274676e+02
3.34039713522728e+01
8.94024187791742e+01
9.49678670841895e+01
6.39755718231271e+01
1.15917332507528e+02
1.39675154678016e+02
9.58154764811842e+01
8.67140499436610e+01
7.52931187199231e+01
6.09852301101595e+01
8.80817798349778e+01
1.31796491488728e+02
9.79702771121880e+01
8.76073759169076e+01
6.76294012312805e+01
7.27685736014314e+01
5.61500121945232e+01
1.07204949334488e+02
9.12944569174359e+01
9.72585585303649e+01
8.16328000608351e+01
7.95653013027233e+01
8.20109016808284e+01
1.36034835420450e+02
8.88681065701864e+01
9.47369143693144e+01
8.58389238858296e+01
8.21033153982043e+01
9.25333304374765e+01
2.77599620877979e+02
1.14220337438024e+02
8.37709703571810e+01
8.42733475425621e+01
7.89957453446995e+01
9.59981855299403e+01
1.09951781251144e+02
-1.66440874962655e+01
4.41808564611691e+01
6.05045005290610e+01
6.55714917112206e+01
8.86736417662350e+01
9.77055905069001e+01
1.00185987429213e+02
1.20125511166179e+02
1.21004019175526e+02
1.02493773349534e+02
1.09647900449588e+02
1.10093155368267e+02
9.72971614361376e+01
1.14361663145350e+02
1.01471801833367e+02
9.81884976726633e+01
1.07509460426296e+02
1.13378653524955e+02
9.84116289899817e+01
9.41487013568705e+01
1.32827194940289e+02
9.13410524852033e+01
1.00236654727194e+02
1.08951139937932e+02
1.02139739592404e+02
9.31398314292201e+01
1.10630238048174e+02
1.78914124492669e+02
9.80342902653051e+01
9.55496121543970e+01
1.00738803946652e+02
9.69964520632983e+01
1.13170965056557e+02
1.53084666635946e+02
2.08633228513824e+02
8.68841171928893e+01
9.00581770440147e+01
8.51148593112866e+01
8.87770611739140e+01
1.07632672416215e+02
1.31865106877440e+02
1.45737182290728e+02
1.01124474272239e+02
9.48735936907281e+01
8.96059787329579e+01
1.01352107606147e+02
1.17070376298911e+02
1.14387884306838e+02
1.87276565396807e+02
1.04917018505379e+02
9.47045749295656e+01
9.82617787707602e+01
1.06245869600710e+02
9.83927927811951e+01
1.20679217106395e+02
1.38874176893221e+02
1.13082473849418e+02
1.03008569115962e+02
1.09119709776018e+02
1.06949881287833e+02
1.28769742927756e+02
1.25313016877782e+02
2.52141009095207e+02
1.08247197598176e+02
1.04452207162146e+02
1.01430603904910e+02
1.20153044028350e+02
1.06095366122679e+02
1.16930113505251e+02
2.04873314008862e+02
1.26232801025613e+02
1.04009932424417e+02
1.19703889679889e+02
1.15368437328699e+02
1.05651689263964e+02
1.52000020742790e+02
2.50434537848994e+02
1.40539799753062e+02
1.26179556486871e+02
1.28663844936363e+02
9.54920910997073e+01
1.05706165498335e+02
1.47185809352839e+02
1.85242454680596e+02
1.76994125777392e+02
1.55372793466206e+02
9.86891708933974e+01
9.06693457834854e+01
1.17773388127598e+02
1.55317940627284e+02
2.04532738642629e+02
1.97821664413988e+02
1.18412718616357e+02
8.95203862911424e+01
8.46337312286465e+01
1.08648767849552e+02
1.13473209773237e+02
1.51729957796974e+02
1.36714379403865e+02
9.47174447099923e+01
9.49949774209677e+01
9.22131022342473e+01
1.16873750165243e+02
1.02708359847965e+02
1.67717937601415e+02
1.02481035038987e+02
1.18883670747821e+02
1.19253597265221e+02
1.83112266948279e+02
1.49642020805510e+02
3.96027690194293e+01
9.09747550224626e+01
8.75147242125792e+01
9.25213761635900e+01
9.79669427069204e+01
1.42648164158555e+02
1.27539883298376e+02
1.19337036492931e+02
1.06201463247126e+02
1.03257468588490e+02
1.03241626109802e+02
1.03698712983136e+02
6.96191371804382e+01
7.62244955585370e+01
7.37316622075551e+01
1.19576285796518e+02
1.13652427724747e+02
1.14640016534014e+02
1.07453758265701e+02
1.06130004736263e+02
1.05585511087304e+02
1.00068032229460e+02
1.12833402473541e+02
7.68888341570264e+01
4.93710973101400e+01
9.22495808504213e+01
9.23071431914263e+01
1.00628738284386e+02
1.00853748868058e+02
1.03185577395422e+02
1.06111218453115e+02
9.92109576925037e+01
9.35372519706627e+01
1.27680268198018e+02
7.95676097468373e+01
1.21504688582337e+02
8.62861609820374e+01
8.68431010705054e+01
9.17266527594442e+01
9.61249317042360e+01
1.03308702697557e+02
1.00199707066946e+02
9.05046630644357e+01
1.05301669072830e+02
1.68993899265468e+02
2.54336431747464e+02
1.07708770402779e+02
7.32227168213038e+01
8.04876826806173e+01
8.62239623972048e+01
9.72754530433330e+01
9.99279800058632e+01
9.28649334165140e+01
1.06876355703304e+02
1.42526919251052e+02
1.99788613573463e+02
-1.39050082177649e+01
3.46513598053731e+01
4.79775882854498e+01
5.71008545658066e+01
6.94665437687309e+01
7.52464578805774e+01
6.99314302095346e+01
7.61030056107791e+01
9.38262844574984e+01
1.21657548785307e+02
1.40695650290709e+02
1.16939453723204e+02
1.16107923504638e+02
1.05691705114154e+02
1.06491994660479e+02
1.05929484746264e+02
9.18768968314854e+01
8.75140176880127e+01
9.45334559459114e+01
1.10744982475403e+02
1.10958309328311e+02
1.79724839655668e+02
9.97390378115972e+01
9.96610731362444e+01
1.04165580569490e+02
1.07377727565651e+02
9.64519196635196e+01
8.95226663198785e+01
9.03470018441578e+01
9.85574350840494e+01
9.21268625095535e+01
1.13515100022481e+02
1.31084017537748e+02
9.22744226535529e+01
9.93911227457940e+01
1.04801621170765e+02
1.00840410388672e+02
9.71261469061022e+01
9.94809704900787e+01
1.10294397323419e+02
1.05410764988301e+02
1.22713440100912e+02
1.16477206321088e+02
2.43141069868977e+02
9.71719099530181e+01
9.31093925360678e+01
9.68925652917019e+01
9.73064290809275e+01
1.01120252907361e+02
1.13280074386946e+02
1.09497697478656e+02
1.20254006409554e+02
9.73304163122442e+01
1.22886643918228e+02
1.92512615681999e+02
8.72471403615891e+01
9.00646814322940e+01
9.15320676001520e+01
9.62722611892229e+01
1.11467743172378e+02
1.13263363383358e+02
1.28383571958186e+02
1.05860735586847e+02
1.20212138450760e+02
1.44408511594211e+02
2.41644011148878e+02
1.00087999587939e+02
9.74469324672414e+01
9.55892003636182e+01
1.08422530600459e+02
1.13210913072812e+02
1.31456512338544e+02
1.10980890976778e+02
1.13736458048594e+02
1.03773781558485e+02
1.48350710267772e+02
1.79178361265715e+02
1.04672863516367e+02
9.75465445382963e+01
1.04492808169856e+02
1.08713369842978e+02
1.26467864959837e+02
1.09533976929069e+02
1.06297570078792e+02
8.50851250867992e+01
1.22973390608955e+02
1.48999537675733e+02
2.02134168630298e+02
1.11781762623362e+02
1.03374313436231e+02
1.03651264015474e+02
1.19994792850130e+02
1.07838623673592e+02
1.01345944984642e+02
6.76388179513394e+01
8.65470986147840e+01
1.01285536837383e+02
1.15253494381493e+02
1.47346694105134e+02
1.07337469752254e+02
1.00436854902930e+02
1.12869698812213e+02
1.07024649164317e+02
1.04796645751986e+02
6.57961287190662e+01
9.56121871361328e+01
1.12013059187874e+02
9.93975411221761e+01
1.21893261676887e+02
1.13093975838989e+02
1.08083417814760e+02
1.12815832333358e+02
7.30537806958954e+01
8.75792165798575e+01
1.04286522840169e+02
1.29608920038943e+02
1.78444819964092e+02
1.43695889915282e+02
5.93056117667868e+01
8.69009288553403e+01
9.46408673537339e+01
8.54266235388988e+01
1.08210179867417e+02
1.09627592912557e+02
1.11881553767504e+02
1.02750899674309e+02
9.75581647224420e+01
8.99061910092718e+01
8.68250599479817e+01
9.67012235039980e+01
1.19388059666216e+02
1.38847495728406e+02
7.28052297552266e+01
7.20580042102347e+01
6.54762390514784e+01
9.35340318947040e+01
9.85869495287389e+01
1.04065259104470e+02
9.80931704891232e+01
9.57770184634899e+01
8.97242448033314e+01
8.46884314021040e+01
8.95550658767181e+01
1.03552679378725e+02
1.07471964495337e+02
1.74669555980106e+02
7.42823115449896e+01
4.57694250603834e+01
7.60358406669052e+01
8.37047240325270e+01
9.18797339936007e+01
8.91614127157125e+01
8.96925925043853e+01
8.56228201311461e+01
7.91341866126674e+01
7.93607820630511e+01
8.61265918689397e+01
8.50354512432107e+01
1.07455200189810e+02
1.27966949174675e+02
7.69496075962821e+01
1.13978566606265e+02
7.66686794152344e+01
7.56340703337188e+01
8.54450875328332e+01
8.50738897866471e+01
8.85939480378750e+01
8.76981689983763e+01
8.29131277275518e+01
8.39748840157487e+01
9.18915740335839e+01
9.26156938252334e+01
1.11420181381491e+02
1.11776582692796e+02
2.32897022506925e+02
2.42653336321593e+02
9.97584927631492e+01
6.57148801318500e+01
7.50172124012186e+01
7.58236156267567e+01
8.10951895402974e+01
8.27630849915669e+01
7.95713224683682e+01
8.06740348430836e+01
8.77435530755823e+01
8.86555407159802e+01
1.14378483664075e+02
1.88161268598085e+02
-1.23251765269419e+01
3.28190992727430e+01
4.70558634038375e+01
5.37486030041854e+01
6.26975939187701e+01
6.83292134027271e+01
6.91698647475262e+01
7.30402786000051e+01
8.23157881896684e+01
8.65478034958623e+01
1.42110989411637e+02
2.31019827944245e+02
1.15269512586391e+02
1.15913527669231e+02
1.06137139541834e+02
1.05423578852774e+02
1.05136400377114e+02
9.92622782563578e+01
9.64933671043404e+01
1.00993798390033e+02
1.02852314156334e+02
1.14278093988563e+02
9.92120605741722e+01
1.01919434447724e+02
1.07942353055627e+02
1.40341558934054e+02
1.75445280189258e+02
9.94837557224251e+01
9.88963020730147e+01
1.00927610445825e+02
1.02250105955666e+02
9.78694321136939e+01
9.41717243261873e+01
9.62793260748115e+01
9.74089777528843e+01
1.06151226245464e+02
9.20212314451564e+01
8.85448493652016e+01
8.93007160817545e+01
1.14611302769858e+02
1.43869013118089e+02
1.95134482800255e+02
9.16863892698930e+01
9.61382736265555e+01
9.78929910751924e+01
9.71079446056661e+01
9.46097975865535e+01
9.63056121461459e+01
9.78241230268930e+01
1.05262646367992e+02
9.09446338830317e+01
8.00669133777216e+01
7.22912314565136e+01
7.91942692282638e+01
9.68830421691199e+01
1.08457921919031e+02
1.44021892136265e+02
9.57525919726136e+01
8.93940963652911e+01
9.44439265871482e+01
9.58246235114771e+01
1.00177693662658e+02
1.05052241456043e+02
1.15796403635231e+02
1.03035605498797e+02
8.90252794205417e+01
7.62477540251024e+01
8.84288039899062e+01
1.08298730143131e+02
9.77250170243530e+01
8.57343345601239e+01
8.89047288687819e+01
9.11122009106021e+01
9.67896228829918e+01
1.05376646272751e+02
1.21268457818373e+02
1.13610683650682e+02
1.02428844659178e+02
9.09834204083043e+01
8.73799368487581e+01
1.07462940144512e+02
1.22920920532972e+02
1.73185485493279e+02
1.40806699900378e+02
6.26241014802784e+01
8.93273434427482e+01
9.34340777375154e+01
8.48157809453438e+01
8.45407960493028e+01
1.14180662915878e+02
1.02321371441908e+02
1.11146803935534e+02
1.12858247631034e+02
1.03949160732034e+02
1.00667422842777e+02
9.99198004527710e+01
9.47500760293937e+01
9.57258855378377e+01
9.34662063386515e+01
1.05483104951961e+02
9.38351320093285e+01
1.09496006920373e+02
1.39936038139185e+02
2.27932652850044e+02
7.22281380892135e+01
7.12035941475896e+01
6.50117464916237e+01
9.45252139230257e+01
8.61797846307036e+01
9.57673122599105e+01
9.98678693433530e+01
9.38760267278986e+01
9.29346666209951e+01
9.39732394330303e+01
9.01762126336003e+01
9.18270899298784e+01
9.09042348554350e+01
1.03052186024883e+02
9.20813395806618e+01
9.87728600937783e+01
1.04265425346026e+02
1.39860844774057e+02
1.70996948090871e+02
7.26666711528143e+01
4.43209037156624e+01
7.21811423913621e+01
6.58589344555290e+01
7.42105166749027e+01
7.89780921550098e+01
7.48593647321997e+01
7.48575411933153e+01
7.60507544131163e+01
7.26193956897815e+01
7.31522897464870e+01
7.23422556874199e+01
8.17482250325305e+01
7.38610119900292e+01
7.77170297913553e+01
8.12236170129190e+01
1.12735631446552e+02
1.36999838672110e+02
1.90749099001598e+02
7.47715781650427e+01
1.04387513543697e+02
6.66531468268371e+01
6.43884121846602e+01
6.89865347004498e+01
6.51610835365333e+01
6.52801723169565e+01
6.62411669129672e+01
6.25574102352008e+01
6.16784667517806e+01
6.01109741319257e+01
6.64427818370334e+01
5.94624193058363e+01
5.87480841667240e+01
5.73866145176035e+01
7.52350829908651e+01
8.88802764799363e+01
1.03527875224696e+02
1.39195307605815e+02
2.33154626142535e+02
9.21374732607665e+01
5.83005444972948e+01
6.28490032986280e+01
5.98473367926052e+01
6.08072744228862e+01
6.26444481320572e+01
5.99020384147108e+01
5.94084131321626e+01
5.83799746814031e+01
5.23072136909453e+01
6.47012880208366e+01
7.32488367717708e+01
8.10099003386932e+01
9.96662264843390e+01
9.52272742226249e+01
-1.25235441195942e+01
2.97603997706850e+01
4.01582722124013e+01
4.31681411412267e+01
4.76985997617402e+01
5.22441907071877e+01
5.26380028074490e+01
5.47787740594420e+01
5.94584870531077e+01
7.72128808794967e+01
9.23716266827571e+01
1.11256356672434e+02
1.56140586255446e+02
1.33928090546365e+02
6.26157943762750e+01
