8.93664964248200e+01
1.33200645909153e+02
2.88013082288560e+02
7.82250797504564e+01
1.02431474962967e+02
-7.81943112826493e+01
8.08405440093664e+01
-8.29085725592644e+00
1.73318367577105e+02
2.94405931135043e+00
2.06894870114165e+02
9.07944074379993e+01
2.82703413131411e+02
1.08798238663734e+02
8.46908296610781e+01
3.06164397244778e+02
8.42055005452259e+01
9.52215170398420e+01
1.22638789611105e+02
1.12729674344394e+02
8.70507236494001e+01
1.03160392483371e+02
8.85255467680631e+01
1.05265852625752e+02
8.36013201039855e+01
9.82210387051814e+01
1.09741366474562e+02
8.85661824464337e+01
9.34974527441037e+01
1.16682462101675e+02
7.08416625687028e+01
9.30623053513833e+01
1.03735008583402e+02
8.28254835681200e+01
8.91195986701797e+01
1.25200842806158e+02
8.75133585510402e+01
9.62952212530459e+01
1.49985203299044e+02
1.07456691414835e+02
1.10211285957811e+02
1.83015375163391e+02
1.08102181899525e+02
1.34973236890899e+02
1.92528576579215e+02
1.22809599099468e+02
1.18801631966012e+02
1.29116479385432e+02
1.36683093826441e+02
9.92311355202843e+01
1.99251214102032e+02
1.63142589759712e+02
1.67779031558774e+02
1.28432901429883e+02
2.31085661707167e+02
1.20040485236885e+02
2.98219888750410e+02
1.43730096635671e+02
1.38363658666794e+02
1.54090885311840e+02
2.05129503226611e+02
1.20438049471277e+02
2.69082161272246e+02
1.29425348003302e+02
1.65510896605896e+02
1.71060712968298e+02
2.87531728300085e+02
1.43375940067877e+02
2.30358922134063e+02
2.01023820753616e+02
1.72086692082419e+02
2.29310170425910e+02
2.59812656103458e+02
1.56337110158642e+02
5.56692858281323e+01
2.05875527595383e+02
1.49252571138864e+02
2.90890624640166e+01
1.01223995508772e+02
1.04958812861541e+02
4.29446824684301e+01
1.07726450239754e+02
1.62288614065769e+02
1.03287946981289e+02
9.93627624952834e+01
7.87994588759672e+01
4.68929550344223e+01
8.23591748380795e+01
1.54091939575447e+02
1.05345602191063e+02
9.53860193601592e+01
8.52617391226705e+01
6.16910958789783e+01
5.15186931210978e+01
1.23778653131553e+02
9.70742122645184e+01
1.02290532098923e+02
8.92073754063277e+01
9.95054196596304e+01
5.53703157907661e+01
1.59996648299674e+02
9.48485703515197e+01
9.86929806351071e+01
9.08637661842447e+01
9.40782105633669e+01
1.09209840714166e+02
2.45307849930483e+02
1.02933521302290e+02
8.29751864233646e+01
8.49609368179817e+01
8.31517766004681e+01
1.01019055053807e+02
1.16070180146772e+02
2.66168058986779e+02
8.40034405469386e+01
8.52425172269727e+01
7.95378938855253e+01
9.74459226090542e+01
1.03379931385928e+02
1.04866823520232e+02
1.30084244738945e+02
1.28334974982790e+02
1.06411793000140e+02
1.12892778247394e+02
1.11457190167556e+02
9.76472449518999e+01
1.21148162169553e+02
1.02482576161121e+02
9.70241152039652e+01
1.07173980316276e+02
1.11971012099262e+02
9.64147354250878e+01
9.62769011048096e+01
1.42645226113192e+02
8.63734676960981e+01
9.67229512583320e+01
1.04945451389859e+02
9.73229668352586e+01
9.04255142955822e+01
1.10327043653151e+02
1.75262167022412e+02
8.63262758201015e+01
8.82910533536809e+01
9.41651378350713e+01
9.21451685382607e+01
1.11291123879069e+02
1.50320179023374e+02
1.95158669407198e+02
6.94921932000660e+01
8.12181136063966e+01
7.88751646314434e+01
8.70602912317311e+01
1.06683495308539e+02
1.28058657327788e+02
1.35312554561971e+02
8.08532057998411e+01
8.20260091756132e+01
8.50049328831618e+01
9.85110481189848e+01
1.12551069120546e+02
1.05417145489105e+02
1.75252402446698e+02
8.74777838911038e+01
8.95468980566202e+01
9.53434244309075e+01
1.02994654503035e+02
9.33250457202976e+01
1.18916413979323e+02
1.33318538167343e+02
1.05969461750218e+02
9.85283216875017e+01
1.05090546249710e+02
1.01478717648277e+02
1.28021778134063e+02
1.23544214144944e+02
2.63290194230267e+02
1.03167355774889e+02
1.01006860388537e+02
9.65263966406367e+01
1.20147120814583e+02
1.05543427456380e+02
1.14096601156778e+02
1.59028686781583e+02
1.17950427113806e+02
9.74208541452880e+01
1.19340008715646e+02
1.15780811503670e+02
1.04447219748788e+02
1.34386932614782e+02
2.48053976265860e+02
1.29047315603886e+02
1.26158048589926e+02
1.30184892512098e+02
9.52337783668362e+01
9.93412921873702e+01
1.48812702910408e+02
1.83213490602065e+02
1.80334023581688e+02
1.57701372195841e+02
9.78253076629094e+01
8.66780566493916e+01
1.18675660041787e+02
1.59476327250855e+02
2.21719263107796e+02
2.10634075658604e+02
1.20675188710712e+02
9.02981496500050e+01
8.89239756504345e+01
1.21367552246221e+02
1.43418239610282e+02
2.17374642166270e+02
1.45478716594375e+02
9.93718256420612e+01
9.60944082780977e+01
9.62872596142547e+01
1.23787520939419e+02
6.35090006047537e+01
1.79394841738025e+02
1.03417839127349e+02
1.21357884925488e+02
1.26828839518638e+02
1.99819288482530e+02
1.54502609863121e+02
3.90240241314446e+01
1.02162849889622e+02
8.73817889169503e+01
8.95453334855837e+01
9.39068779663021e+01
1.62054118804779e+02
1.34079020625541e+02
1.22410593657243e+02
1.11374745926705e+02
1.06748548744129e+02
1.07683954459829e+02
1.07669849959777e+02
6.91073182322798e+01
7.25472324263590e+01
7.13146825346216e+01
1.36098322582409e+02
1.20146996692409e+02
1.17854043700482e+02
1.12032147065463e+02
1.08640636371768e+02
1.08285846781256e+02
1.00680174333123e+02
1.19214364393312e+02
7.01767786100223e+01
4.71316338932430e+01
1.04152974649994e+02
9.78420226216945e+01
1.03587768381777e+02
1.04822768442180e+02
1.05136823789185e+02
1.08031890929405e+02
9.86293027344833e+01
9.59065549704288e+01
1.36304612190237e+02
5.65761452803065e+01
1.41407173765429e+02
9.19768584121506e+01
8.91657122707963e+01
9.44470523481475e+01
9.66168619134334e+01
1.03294840290502e+02
9.69752371379663e+01
8.82763613271724e+01
1.03846972217162e+02
1.65608337325899e+02
2.24082100731839e+02
9.72669049279691e+01
7.13799614321064e+01
7.99991372547716e+01
8.45523062418624e+01
9.53770161531226e+01
9.48941079791753e+01
8.83918937119794e+01
1.03033861407552e+02
1.39496028365032e+02
1.87238803249564e+02
2.47076573962922e+02
7.41087410271726e+01
7.49455533178939e+01
7.28243533210013e+01
7.97645944891367e+01
7.93845976670667e+01
7.07925541263115e+01
7.56478158767025e+01
9.41411614410619e+01
1.19041678245013e+02
1.31643645445431e+02
1.26220227420794e+02
1.23125629499625e+02
1.07875525868082e+02
1.07351403917843e+02
1.02726245065758e+02
8.79237584219751e+01
8.37882041445247e+01
9.29823458149176e+01
1.07336679072323e+02
1.03523247436550e+02
1.68286051443684e+02
1.00474292490432e+02
9.72572940974488e+01
1.01693956319376e+02
1.01961231359683e+02
9.09671440492708e+01
8.47175860761035e+01
8.86438520090038e+01
9.64509484024240e+01
8.86264373852426e+01
1.11585683000915e+02
1.25452573820878e+02
8.69862684834983e+01
9.50853994878390e+01
9.86774975305704e+01
9.51299827827806e+01
9.19686270076128e+01
9.77161031407322e+01
1.07981540968128e+02
1.01936772529828e+02
1.21646310107511e+02
1.13989672143257e+02
2.53608592941122e+02
8.58313960037309e+01
8.49343095143360e+01
9.05446118828956e+01
9.16492286440782e+01
9.91230925672690e+01
1.10765531404960e+02
1.05934814065216e+02
1.19271832520647e+02
9.52227298296948e+01
1.21039747160112e+02
1.50293028476328e+02
7.02245734338597e+01
8.17149441908890e+01
8.49155761113303e+01
9.38695472948555e+01
1.08593358192041e+02
1.09407399016008e+02
1.27251798634976e+02
1.04399839384200e+02
1.20300130889714e+02
1.27632139314323e+02
2.39492088326240e+02
8.10508874575820e+01
8.51236104844828e+01
9.06549418647648e+01
1.03936257887583e+02
1.08337502271238e+02
1.29468003245915e+02
1.09509861385357e+02
1.14837217121027e+02
9.62196004647093e+01
1.50111135852133e+02
1.75513833467630e+02
8.83458601559588e+01
9.23861948504044e+01
9.99762280368227e+01
1.03757009208913e+02
1.23467976946400e+02
1.07076775722637e+02
1.06046866664109e+02
7.80530776942586e+01
1.23837183633902e+02
1.50341788828573e+02
2.18905736969027e+02
1.04961498648395e+02
9.80605288933192e+01
9.87625892272514e+01
1.16734549400873e+02
1.05575387402245e+02
1.01488032893824e+02
6.30043934978957e+01
9.12948184769862e+01
1.11627041476174e+02
1.45214184050183e+02
2.08637132802918e+02
1.01870379196171e+02
9.62556842216706e+01
1.09146048354267e+02
1.04133843165192e+02
1.02664308644466e+02
5.74557543314573e+01
9.97025062260641e+01
1.17816219745884e+02
6.47787781482634e+01
1.13760756482445e+02
1.07667241986522e+02
1.05372600574808e+02
1.11176535032161e+02
6.56696688634009e+01
8.42924554580370e+01
1.03181098902013e+02
1.39236779440833e+02
1.95440411849817e+02
1.51443278053507e+02
6.18832366013010e+01
9.46108990834833e+01
1.00126456456970e+02
8.47537610179308e+01
1.13738368870818e+02
1.12799852418294e+02
1.13967656130083e+02
1.01328038637665e+02
9.42121290933914e+01
8.58044725676861e+01
8.30991355746645e+01
9.42406801737704e+01
1.15837175019979e+02
1.29869922159766e+02
7.47022105900891e+01
6.99479569347204e+01
6.40080655420065e+01
9.88203900943253e+01
1.01714517173230e+02
1.06120214977342e+02
9.65262720249266e+01
9.20421608915146e+01
8.46879683847933e+01
7.96015962685078e+01
8.56226586606610e+01
9.93876555396414e+01
1.00115923451499e+02
1.63669455098369e+02
6.84992189994766e+01
4.41581305378180e+01
8.04055406049704e+01
8.63864489965267e+01
9.37535392193065e+01
8.76979257286274e+01
8.60536218356226e+01
8.03597191862508e+01
7.35907077964576e+01
7.51534476833910e+01
8.31449063647148e+01
8.13983060199607e+01
1.05554408933217e+02
1.22384068959159e+02
5.54583225716276e+01
1.32468061793153e+02
8.15407840982920e+01
7.79354672518866e+01
8.69754355679355e+01
8.35380849844120e+01
8.47958078380884e+01
8.19415903725337e+01
7.65184861701138e+01
7.87700021235684e+01
8.81701570957367e+01
8.87006056167020e+01
1.10205109679699e+02
1.08919473800210e+02
2.42351840858994e+02
2.13943305802179e+02
8.97133174597310e+01
6.39893484668823e+01
7.37961465001250e+01
7.28359645173589e+01
7.63997196927570e+01
7.62243670374930e+01
7.22689676987212e+01
7.44184357862198e+01
8.33151980786655e+01
8.43636000946785e+01
1.11812357816628e+02
1.48471431978036e+02
2.35805443849739e+02
7.11705666084678e+01
7.39295150353979e+01
7.01735224282664e+01
7.30818138476233e+01
7.38974281855743e+01
7.09603191132222e+01
7.32887918728675e+01
8.28526274521975e+01
8.60602520559413e+01
1.27659515671249e+02
2.28764368949378e+02
1.24330380279028e+02
1.22410261282774e+02
1.07983904226829e+02
1.04944830129011e+02
1.01938290120529e+02
9.48696197805614e+01
9.22628911950812e+01
9.84919409179082e+01
9.99381733634152e+01
1.15025214582746e+02
9.83396916984539e+01
1.02409636545118e+02
1.02354480320988e+02
1.41510214361105e+02
1.72140288733063e+02
9.99308096626494e+01
9.62593813318725e+01
9.73349602413183e+01
9.69052574247582e+01
9.20248498701847e+01
8.85880776864038e+01
9.25048082275397e+01
9.30698977263138e+01
1.05093420930032e+02
8.92461829739476e+01
8.69089786862189e+01
8.38562337432918e+01
1.14356032913945e+02
1.45078911660460e+02
2.10016309110201e+02
8.64521201683054e+01
9.12926649342153e+01
9.23351017084711e+01
9.17585521501834e+01
8.95946514100344e+01
9.32362525594447e+01
9.40234479328149e+01
1.04552516154601e+02
8.83199144347337e+01
7.86961670494940e+01
6.92770833631063e+01
8.23470925811933e+01
1.06553140284720e+02
1.35064078903184e+02
2.03123589392350e+02
8.43687774751914e+01
8.16243081604019e+01
8.81746031392946e+01
8.98928345042038e+01
9.59341647318526e+01
9.93697017970933e+01
1.11921826488431e+02
9.66061356669415e+01
8.25527977741676e+01
6.72269196769287e+01
8.95365021304728e+01
1.13748525312006e+02
6.47293517026122e+01
6.94611692449729e+01
8.08414945757273e+01
8.45164804859949e+01
9.25800622716320e+01
9.97930514171659e+01
1.17153490706359e+02
1.06896776955796e+02
9.58903491353587e+01
8.19118452373251e+01
8.03052863639794e+01
1.04835841896897e+02
1.28784800226816e+02
1.89667208205352e+02
1.47971273936378e+02
6.62971129067910e+01
9.85723965752406e+01
9.94510595411905e+01
8.46615500798789e+01
8.34061109150512e+01
1.30627010466122e+02
1.07826346645371e+02
1.14214434355310e+02
1.14004911072376e+02
9.92996595363547e+01
9.46316581677189e+01
9.25407761721703e+01
8.72726026050238e+01
8.87985668844862e+01
8.78634690084717e+01
1.03874177732828e+02
9.15253748798998e+01
1.08038952411146e+02
1.25332419822088e+02
2.25887010895393e+02
7.44685166780913e+01
6.95771123150617e+01
6.48305626902299e+01
1.08003859930878e+02
9.14835476804617e+01
9.90790483733866e+01
1.01474924224231e+02
9.00936492378498e+01
8.75281688769739e+01
8.69425805409033e+01
8.26377179111213e+01
8.46967494194008e+01
8.51343167980364e+01
1.01846701285916e+02
9.02661210563979e+01
9.82128720441202e+01
9.80624021080547e+01
1.41476332831734e+02
1.67566889235432e+02
6.72406076732350e+01
4.34742675538907e+01
8.15208173753707e+01
7.00218627571451e+01
7.69578518211612e+01
8.04192889775284e+01
7.17203575948390e+01
6.99747872097668e+01
6.93521465464443e+01
6.48150166889180e+01
6.53512346913582e+01
6.55219277620185e+01
7.91847135164894e+01
7.03812573334969e+01
7.51038249236946e+01
7.48381180717923e+01
1.13102274542207e+02
1.37541156404847e+02
2.05056819131363e+02
5.43964747592722e+01
1.21468003410533e+02
7.13799973325814e+01
6.69075290238428e+01
7.04485879651636e+01
6.27506250369658e+01
6.11662218400016e+01
6.02598505115701e+01
5.52054638946850e+01
5.41296731349446e+01
5.33550459995009e+01
6.39467973718090e+01
5.58306201471999e+01
5.60563124876973e+01
5.28088424319131e+01
7.89812087868567e+01
9.69790858591490e+01
1.28607183196535e+02
1.95746116700498e+02
2.05091937497256e+02
8.23702871680999e+01
5.63436343565813e+01
6.09129353757011e+01
5.53177338813392e+01
5.48531979766672e+01
5.47669760606190e+01
5.04143868799643e+01
4.91265648785136e+01
4.82583671455010e+01
4.04818397606839e+01
5.74447423405753e+01
6.68533229236771e+01
8.09933428086109e+01
1.03369503349364e+02
6.34608887140956e+01
2.27390309044856e+02
6.70433106729781e+01
6.62510905385327e+01
5.87100126501923e+01
5.78049823675967e+01
5.81379245845541e+01
5.46693095522331e+01
5.40215650584418e+01
4.98947407566851e+01
7.24177961762532e+01
8.84233243379334e+01
1.16294609706642e+02
1.70159605711770e+02
1.41536337134423e+02
6.65128219590014e+01
